[ 8902.544756] [Project1] 3534 1588235461.113261421 1588235462.225221425
[ 8982.655175] [Project1] 3561 1588235540.979773387 1588235542.295584978
[ 8984.934503] [Project1] 3562 1588235543.403815078 1588235544.573774275
[ 8987.222739] [Project1] 3563 1588235545.706659697 1588235546.860865292
[ 8989.498758] [Project1] 3564 1588235547.984994136 1588235549.135746559
[ 8991.808783] [Project1] 3565 1588235550.288833735 1588235551.444616803
[ 8994.020580] [Project1] 3566 1588235552.569133756 1588235553.655306876
[ 8996.202686] [Project1] 3567 1588235554.740325485 1588235555.836322165
[ 8998.360443] [Project1] 3568 1588235556.904819792 1588235557.993000875
[ 9000.522925] [Project1] 3569 1588235559. 70873225 1588235560.154401120
